0
12
24
36
48
60
72
84
96
108
120
132
144
156
168
180
192
204
216
228
240
252
264
276
288
300
312
324
336
348
360
372
384
396
408
420
432
444
456
468
480
492
504
516
528
540
552
564
576
588
600
612
624
636
648
660
672
684
696
708
780
852
924
996
1068
1140
1212
1284
1356
1428
1500
1572
1644
1716
1788
1860
1932
2004
2076
2148
2220
2292
2364
2436
2508
2580
2652
2724
2796
2868
2940
3012
3084
3156
3228
3300
3372
3444
3516
3588
3660
3732
3804
3876
3948
4020
4092
4164
4236
4308
4380
4452
4524
4596
4668
4740
4812
4884
4956
5028
5178
5328
5478
5628
5778
5928
6078
6228
6378
6528
6678
6828
6978
7128
7278
7428
7578
7728
7878
8028
8178
8328
8478
8628
8778
8928
9078
9228
9378
9528
9678
9828
9978
10128
10278
10428
10578
10728
10878
11028
11178
11328
11478
11628
11778
11928
12078
12228
12378
12528
12678
12828
12978
13128
13278
13428
13578
13728
13878
14028
14310
14592
14874
15156
15438
15720
16002
16284
16566
16848
17130
17412
17694
17976
18258
18540
18822
19104
19386
19668
19950
20232
20514
20796
21078
21360
21642
21924
22206
22488
22770
23052
23334
23616
23898
24180
24462
24744
25026
25308
25590
25872
26154
26436
26718
27000
27282
27564
27846
28128
28410
28692
28974
29256
29538
29820
30102
30384
30666
30948
31434
31920
32406
32892
33378
33864
34350
34836
35322
35808
36294
36780
37266
37752
38238
38724
39210
39696
40182
40668
41154
41640
42126
42612
43098
43584
44070
44556
45042
45528
46014
46500
46986
47472
47958
48444
48930
49416
49902
50388
50874
51360
51846
52332
52818
53304
53790
54276
54762
55248
55734
56220
56706
57192
57678
58164
58650
59136
59622
60108
60702
61296
61890
62484
63078
63672
64266
64860
65454
66048
66642
67236
67830
68424
69018
69612
70206
70800
71394
71988
72582
73176
73770
74364
74958
75552
76146
76740
77334
77928
78522
79116
79710
80304
80898
81492
82086
82680
83274
83868
84462
85056
85650
86244
86838
87432
88026
88620
89214
89808
90402
90996
91590
92184
92778
93372
93966
94560
95154
95748
96360
96972
97584
98196
98808
99420
100032
100644
101256
101868
102480
103092
103704
104316
104928
105540
106152
106764
107376
107988
108600
109212
109824
110436
111048
111660
112272
112884
113492
114088
114668
115229
115769
116287
116781
117252
117698
118121
118521
118897
119251
119583
119894
120185
120457
120711
120947
121167
121372
121562
121739
121903
122055
122195
122325
122446
122557
122660
122755
122843
122864
122884
122902
122918
122934
122948
122961
122973
122984
122994
123004
123012
123020
123028
123035
123041
123047
123052
123057
123062
123066
123070
123073
123077
123080
123082
123085
123087
123090
123092
123094
123095
123097
123098
123100
123101
123102
123103
123104
123105
123106
123107
123107
123108
123109
123109
123110
123110
123111
123111
123111
123112
123112
123112
123112
123113
123113
123113
123113
123114
122940
122779
122631
122495
122368
122252
122144
122044
121951
121865
121786
121712
121644
121581
121522
121468
121417
121370
121326
121286
121248
121213
121181
121151
121123
121096
121072
121050
121029
121009
120991
120974
120958
120944
120930
120918
120906
120895
120885
120875
120866
120858
120850
120843
120837
120831
120825
120819
120815
120810
120806
120802
120798
120794
120791
120788
120785
120783
120780
120778
120662
120554
120453
120359
120271
120190
120113
120042
119975
119913
119855
119801
119750
119702
119658
119616
119577
119541
119507
119475
119445
119417
119390
119366
119342
119321
119300
119281
119264
119247
119231
119216
119203
119190
119178
119166
119155
119145
119136
119127
119119
119111
119104
119097
119091
119084
119079
119073
119069
119064
119059
119055
119051
119048
119044
119041
119038
119035
119033
119030
118962
118898
118837
118781
118728
118678
118630
118586
118545
118505
118469
118434
118401
118370
118341
118314
118288
118264
118241
118220
118199
118180
118162
118145
118129
118114
118099
118086
118073
118061
118050
118039
118029
118020
118011
118002
117994
117987
117980
117973
117967
117961
117955
117950
117944
117940
117935
117931
117927
117923
117920
117916
117913
117910
117907
117905
117902
117900
117897
117895
117857
117821
117787
117755
117725
117696
117669
117644
117620
117597
117575
117555
117535
117517
117499
117483
117468
117453
117439
117426
117413
117401
117390
117380
117370
117360
117351
117343
117334
117327
117320
117313
117306
117300
117294
117289
117283
117278
117274
117269
117265
117261
117257
117254
117250
117247
117244
117241
117238
117236
117233
117231
117228
117226
117224
117222
117221
117219
117217
117216
117196
117178
117160
117144
117128
117113
117099
117086
117073
117061
117049
117038
117028
117018
117009
117000
116992
116984
116976
116969
116962
116956
116950
116944
116938
116933
116928
116923
116919
116915
116911
116907
116903
116900
116896
116893
116890
116887
116885
116882
116880
116878
116875
116873
116871
116869
116868
116866
116864
116863
116861
116860
116859
116857
116856
116855
116854
116853
116852
116851
116832
116814
116797
116781
116766
116751
116737
116724
116711
116700
116688
116677
116667
116657
116648
116639
116631
116623
116615
116608
116601
116594
116588
116582
116577
116571
116566
116561
116557
116552
116548
116544
116540
116537
116533
116530
116527
116524
116521
116518
116516
116513
116511
116509
116507
116505
116503
116501
116499
116497
116496
116494
116493
116492
116490
116489
116488
116487
116486
116485
116469
116454
116439
116425
116412
116400
116388
116376
116366
116355
116345
116336
116327
116319
116311
116303
116295
116288
116282
116275
116269
116263
116258
116253
116248
116243
116238
116234
116230
116226
116222
116218
116215
116212
116208
116205
116203
116200
116197
116195
116192
116190
116188
116186
116184
116182
116180
116179
116177
116176
116174
116173
116171
116170
116169
116168
116167
116165
116164
116163
116151
116138
116126
116115
116105
116094
116085
116075
116066
116058
116050
116042
116035
116027
116021
116014
116008
116002
115997
115991
115986
115981
115977
115972
115968
115964
115960
115956
115953
115949
115946
115943
115940
115937
115934
115932
115929
115927
115925
115922
115920
115918
115917
115915
115913
115911
115910
115908
115907
115905
115904
115903
115902
115901
115899
115898
115897
115896
115896
115895
115885
115875
115866
115858
115850
115842
115834
115827
115820
115814
115807
115801
115796
115790
115785
115780
115775
115770
115766
115762
115758
115754
115750
115747
115743
115740
115737
115734
115731
115728
115726
115723
115721
115719
115717
115714
115712
115711
115709
115707
115705
115704
115702
115701
115699
115698
115697
115695
115694
115693
115692
115691
115690
115689
115688
115687
115687
115686
115685
115684
115679
115673
115668
115664
115659
115655
115650
115646
115642
115639
115635
115632
115628
115625
115622
115619
115617
115614
115612
115609
115607
115605
115603
115600
115599
115597
115595
115593
115592
115590
115588
115587
115586
115584
115583
115582
115581
115580
115579
115578
115577
115576
115575
115574
115573
115572
115571
115571
115570
115569
115569
115568
115568
115567
115566
115566
115565
115565
115565
115564
115553
115543
115534
115524
115515
115507
115498
115491
115483
115476
115469
115462
115456
115450
115444
115438
115433
115428
115423
115418
115413
115409
115405
115401
115397
115393
115390
115386
115383
115380
115377
115374
115371
115368
115366
115364
115361
115359
115357
115355
115353
115351
115349
115347
115345
115344
115342
115341
115339
115338
115337
115335
115334
115333
115332
115331
115330
115329
115328
115327
115317
115308
115299
115290
115281
115273
115266
115258
115251
115244
115238
115231
115225
115220
115214
115209
115203
115198
115194
115189
115185
115181
115176
115173
115169
115165
115162
115158
115155
115152
115149
115146
115144
115141
115139
115136
115134
115132
115129
115127
115125
115123
115122
115120
115118
115117
115115
115114
115112
115111
115109
115108
115107
115106
115104
115103
115102
115101
115100
115099
115087
115074
115062
115051
115040
115029
115019
115009
115000
114991
114982
114973
114965
114957
114950
114943
114936
114929
114923
114917
114911
114905
114899
114894
114889
114884
114879
114875
114870
114866
114862
114858
114854
114850
114847
114843
114840
114837
114834
114831
114828
114826
114823
114820
114818
114816
114813
114811
114809
114807
114805
114803
114802
114800
114798
114796
114795
114793
114792
114791
114783
114776
114769
114763
114756
114750
114744
114739
114733
114728
114723
114718
114713
114709
114704
114700
114696
114692
114688
114685
114681
114678
114674
114671
114668
114665
114662
114659
114657
114654
114652
114649
114647
114645
114643
114641
114639
114637
114635
114633
114631
114630
114628
114626
114625
114624
114622
114621
114619
114618
114617
114616
114615
114614
114613
114612
114611
114610
114609
114608
114599
114590
114581
114573
114565
114557
114549
114542
114535
114528
114522
114516
114510
114504
114498
114492
114487
114482
114477
114472
114468
114463
114459
114455
114451
114447
114443
114439
114436
114432
114429
114426
114423
114420
114417
114414
114412
114409
114407
114404
114402
114400
114397
114395
114393
114391
114389
114387
114386
114384
114382
114381
114379
114377
114376
114375
114373
114372
114371
114369
114363
114358
114352
114346
114341
114336
114331
114326
114322
114317
114313
114309
114305
114301
114297
114293
114290
114287
114283
114280
114277
114274
114271
114268
114265
114263
114260
114258
114255
114253
114251
114249
114246
114244
114242
114240
114239
114237
114235
114233
114232
114230
114229
114227
114226
114224
114223
114222
114220
114219
114218
114217
114216
114215
114214
114213
114212
114211
114210
114209
114202
114195
114189
114183
114177
114171
114165
114160
114154
114149
114144
114139
114134
114130
114125
114121
114117
114113
114109
114105
114102
114098
114095
114091
114088
114085
114082
114079
114076
114073
114070
114068
114065
114063
114060
114058
114056
114054
114052
114050
114048
114046
114044
114042
114040
114038
114037
114035
114034
114032
114031
114029
114028
114026
114025
114024
114023
114021
114020
114019
114016
114012
114009
114006
114003
114000
113997
113994
113991
113988
113986
113983
113981
113978
113976
113974
113972
113970
113968
113966
113964
113962
113960
113958
113957
113955
113953
113952
113950
113949
113947
113946
113944
113943
113942
113941
113939
113938
113937
113936
113935
113934
113933
113932
113931
113930
113929
113928
113927
113927
113926
113925
113924
113923
113923
113922
113921
113921
113920
113919
113916
113912
113909
113906
113902
113899
113896
113893
113890
113888
113885
113882
113880
113877
113875
113873
113870
113868
113866
113864
113862
113860
113858
113856
113854
113852
113851
113849
113847
113846
113844
113843
113841
113840
113839
113837
113836
113835
113834
113832
113831
113830
113829
113828
113827
113826
113825
113824
113823
113822
113821
113820
113820
113819
113818
113817
113816
113816
113815
113814
113811
113808
113805
113803
113800
113797
113795
113792
113790
113787
113785
113783
113781
113778
113776
113774
113772
113770
113769
113767
113765
113763
113762
113760
113758
113757
113755
113754
113752
113751
113750
113748
113747
113746
113745
113744
113742
113741
113740
113739
113738
113737
113736
113735
113734
113733
113732
113732
113731
113730
113729
113728
113728
113727
113726
113726
113725
113724
113724
113723
113718
113714
113709
113705
113700
113696
113692
113688
113684
113680
113677
113673
113670
113666
113663
113660
113657
113653
113650
113648
113645
113642
113639
113637
113634
113632
113629
113627
113625
113622
113620
113618
113616
113614
113612
113610
113608
113606
113605
113603
113601
113599
113598
113596
113595
113593
113592
113590
113589
113588
113586
113585
113584
113583
113581
113580
113579
113578
113577
113576
113572
113569
113566
113563
113560
113557
113554
113551
113548
113545
113543
113540
113537
113535
113533
113530
113528
113526
113523
113521
113519
113517
113515
113513
113511
113510
113508
113506
113504
113503
113501
113499
113498
113496
113495
113493
113492
113491
113489
113488
113487
113485
113484
113483
113482
113481
113480
113478
113477
113476
113475
113474
113473
113472
113472
113471
113470
113469
113468
113467
113464
113461
113458
113455
113452
113449
113446
113444
113441
113439
113436
113434
113431
113429
113427
113424
113422
113420
113418
113416
113414
113412
113410
113408
113406
113404
113403
113401
113399
113398
113396
113395
113393
113392
113390
113389
113387
113386
113385
113383
113382
113381
113380
113379
113377
113376
113375
113374
113373
113372
113371
113370
113369
113368
113367
113366
113365
113365
113364
113363
113362
113361
113361
113360
113359
113358
113358
113357
113356
113356
113355
113354
113354
113353
113353
113352
113351
113351
113350
113350
113349
113349
113348
113348
113347
113347
113346
113346
113346
113345
113345
113344
113344
113344
113343
113343
113342
113342
113342
113341
113341
113341
113340
113340
113340
113340
113339
113339
113339
113338
113338
113338
113338
113337
113337
113337
113337
113337
113336
113336
113336
113336
113335
113335
113335
113335
113335
113335
113334
113334
113334
113334
113334
113334
113333
113333
113333
113333
113333
113333
113332
113332
113332
113332
113332
113332
113332
113332
113332
113331
113331
113331
113331
113331
113331
113331
113331
113331
113331
113330
113330
113330
113330
113330
113330
113330
113330
113330
113330
113330
113330
113329
113329
113329
113329
113329
113329
113329
113329
113329
113329
113329
113329
113329
113329
113329
113329
113329
113329
113328
113328
113328
113328
113328
113328
113328
113328
113328
113328
113328
113328
113328
113328
113328
113328
113328
113328
113328
113328
113328
113328
113328
113328
113328
113328
113328
113328
113328
113328
113327
113327
113327
113327
113327
113327
113327
113327
113327
113327
113327
113327
113327
113327
113327
113327
113327
113327
113327
113327
113327
113327
113327
113327
113327
113327
113327
113327
113327
113327
113327
113327
113327
113327
113327
113327
113327
113327
113327
113327
113327
113327
113327
113327
113327
113327
113327
113327
113327
113327
113327
113327
113327
113327
113327
113327
113327
113327
113327
113327
113327
113327
113327
113327
113327
113327
113327
113327
113327
113327
113327
113327
113327
113327
113327
113327
113327
113327
113327
113327
113327
113327
113327
113327
113327
113327
113327
113327
113327
113327
113327
113327
113327
113327
113327
113327
113327
113327
113327
113327
113327
113327
113327
113327
113327
113327
113327
113327
113327
113327
113327
113327
113327
113327
113327
113327
113326
113326
113326
113326
113326
113326
113326
113326
113326
113326
113326
113326
113326
113326
113326
113326
113326
113326
113326
113326
113326
113326
113326
113326
113326
113326
113326
113326
113326
113326
113326
113326
113326
113326
113326
113326
113326
113326
113326
113326
113326
113326
113326
113326
113326
113326
113326
113326
113326
113326
113326
113326
113326
113326
113326
113326
113326
113326
113326
113326
113326
113326
113326
113326
113326
113326
113326
113326
113326
113326
113326
113326
113326
113326
113326
113326
113326
113326
113326
113326
113326
113326
113326
113326
113326
113326
113326
113326
113326
113326
113326
113326
113326
113326
113326
113326
113326
113326
113326
113326
113326
113326
113326
113326
113326
113326
113326
113326
113326
113326
113326
113326
113326
113326
113326
113326
113326
113326
113326
113326
113326
113326
113326
113326
113326
113326
113326
113326
113326
113326
113326
113326
113326
113326
113326
113326
113326
113326
113326
113326
113326
113326
113326
113326
113326
113326
113326
113326
113326
113326
113326
113326
113326
113326
113326
113326
113326
113326
113326
113326
113326
113326
113326
113326
113326
113326
113326
113326
113326
113326
113326
113326
113326
113326
113326
113326
113326
113326
113326
113326
113326
113326
113326
113326
113326
113326
113326
113326
113326
113326
113326
113326
113326
113326
113326
113326
113326
113326
113326
113326
113326
113326
113326
113326
113326
113326
113326
113326
113326
113326
113326
113326
113326
113326
113326
113326
113326
113326
113326
113326
113326
113326
113326
113326
113326
113326
113326
113326
113326
113326
113326
113326
113326
113326
113326
113326
113326
113326
113326
113326
113326
113326
113326
113326
113326
113326
113326
113326
113326
113326
113326
113326
113326
113326
113326
113326
113326
113326
113326
113326
113326
113326
113326
113326
113326
113326
113326
113326
113326
113326
113326
113326
113326
113326
113326
113326
113326
113326
113326
113326
113326
113326
113326
113326
113326
113326
113326
113326
113326
113326
113326
113326
113326
113326
113326
113326
113326
113326
113326
113326
113326
113326
113326
113326
113326
113326
113326
113326
113326
113326
113326
113326
113326
113326
113326
113326
113326
113326
113326
113326
113326
113326
113326
113326
113326
113326
113326
113326
113326
113326
113326
113326
113326
113326
113326
113326
113326
113326
113326
113326
113326
113326
113326
113326
113326
113326
113326
113326
113326
113326
113326
113326
113326
113326
113326
113326
113326
113326
113326
113326
113326
113326
113326
113326
113326
113326
113326
113326
113326
113326
113326
113326
113326
113326
113326
113326
113326
113326
113326
113326
113326
113326
113326
113326
113326
113326
113326
113326
113326
113326
113326
113326
113326
113326
113326
113326
113326
113326
113326
113326
113326
113326
113326
113326
113326
113326
113326
113326
113326
113326
113326
113326
113326
113326
113326
113326
113326
113326
113326
113326
113326
113326
113326
113326
113326
113326
113326
113326
113326
113326
113326
113326
113326
113326
113326
113326
113326
113326
113326
113326
113326
113326
113326
113326
113326
113326
113326
113326
113326
113326
113326
113326
113326
113326
113326
113326
113326
113326
113326
113326
113326
113326
113326
113326
113326
113326
113326
113326
113326
113326
113326
113326
113326
113326
113326
113326
113326
113326
113326
113326
113326
113326
113326
113326
113326
113326
113326
113326
113326
113326
113326
113326
113326
113326
113326
113326
113326
113326
113326
113326
113326
113326
113326
113326
113326
113326
113326
113326
113326
113326
113326
113326
113326
113326
113326
113326
113326
113326
113326
113326
113326
113326
113326
113326
113326
113326
113326
113326
113326
113326
113326
113326
113326
113326
113326
113326
113326
113326
113326
113326
113326
113326
113326
113326
113326
113326
113326
113326
113326
113326
113326
113326
113326
113326
113326
113326
113326
113326
113326
113326
113326
113326
113326
113326
113326
113326
113326
113326
113326
113326
113326
113326
113326
113326
113326
113326
113326
113326
113326
113326
113326
113326
113326
113326
113326
113326
113326
113326
113326
113326
113326
113326
113326
113326
113326
113326
113326
113326
113326
113326
113326
113326
113326
113326
113326
113326
113326
113326
113326
113326
113326
113326
113326
113326
113326
113326
113326
113326
113326
113326
113326
113326
113326
113326
113326
113326
113326
113326
113326
113326
113326
113326
113326
113326
113326
113326
113326
113326
113326
113326
113326
113326
113326
113326
113326
113326
113326
113326
113326
113326
113326
113326
113326
113326
113326
113326
113326
113326
113326
113326
113326
113326
113326
113326
113326
113326
113326
113326
113326
113326
113326
113326
113326
113326
113326
113326
113326
113326
113326
113326
113326
113326
113326
113326
113326
113326
113326
113326
113326
113326
113326
113326
113326
113326
113326
113326
113326
113326
113326
113326
113326
113326
113326
113326
113326
113326
113326
113326
113326
113326
113326
113326
113326
113326
113326
113326
113326
113326
113326
113326
113326
113326
113326
113326
113326
113326
113326
113326
113326
113326
113326
113326
113326
113326
113326
113326
113326
113326
113326
113326
113326
113326
113326
113326
113326
113326
113326
113326
113326
113326
113326
113326
113326
113326
113326
113326
113326
113326
113326
113326
113326
113326
113326
113326
113326
113326
113326
113326
113326
113326
113326
113326
113326
113326
113326
113326
113326
113326
113326
113326
113326
113326
113326
113326
113326
113326
113326
113326
113326
113326
113326
113326
113326
113326
113326
113326
113326
113326
113326
113326
113326
113326
113326
113326
113326
